"Horizon" "OMXH" "HDAX" "Stoxx600" "Russell3000" "CAC" "FTSE" "AEX" "OMXS" "Date"
2 0.0417977639750301 -0.0721577957115244 -0.000447266306077771 -0.232140911361267 0.0761322192490006 -0.159462026937897 -0.0214502969979762 0.030824774338585 "2026-04-30"
3 0.0615967471124081 -0.0219899252110692 0.0189968512337699 -0.130212836842798 0.0725112093324317 -0.106627891927799 -0.00425119799569449 0.0485357408599029 "2026-04-30"
4 0.0580634192354931 -0.00756814210199163 0.0192372444558902 -0.0619916557029733 0.0651599314703529 -0.072487291487149 -0.0103102772454308 0.0549972389220152 "2026-04-30"
5 0.0698465360625779 0.0105229226120713 0.032869293055643 -0.054372411236712 0.0702368335855394 -0.0436414583283639 0.000595578709794111 0.051660986299422 "2026-04-30"
6 0.0666500140332202 0.0189866283464856 0.0391704726928986 -0.0410487912549536 0.0669309777258931 -0.0226994646853475 0.00400634067902597 0.058739213063492 "2026-04-30"
7 0.0622413318792714 0.0211940192054271 0.0382706843658171 -0.0228134480579615 0.0638885068028996 -0.0165326498834156 0.00375655961888909 0.057286143193987 "2026-04-30"
8 0.0561351357770908 0.0237080077007189 0.0397268469666426 -0.0175909318447975 0.0639607027438578 -0.00543909190988597 0.00733502969962343 0.0545468193913534 "2026-04-30"
9 0.0554279339146661 0.0300988186142221 0.0416681772167097 -0.0100854253804967 0.061902355409025 0.00141692695730536 0.00927204082357506 0.0508360785407435 "2026-04-30"
10 NA NA NA NA NA NA NA NA "2026-04-30"
